  1! =
  2! =  1
  3! =  1  1
  4! =  3  1
  5! =  3  1  1
  6! =  4  2  1
  7! =  4  2  1  1
  8! =  7  2  1  1
  9! =  7  4  1  1
 10! =  8  4  2  1
 11! =  8  4  2  1  1
 22! = 19  9  4  3  2  1  1  1
 54! = 50 26 12  8  4  4  3  2  2  1  1  1  1  1  1
        1
 67! = 64 31 15 10  6  5  3  3  2  2  2  1  1  1  1
        1  1  1  1
 64! = 63 30 14 10  5  4  3  3  2  2  2  1  1  1  1
        1  1  1
 98! = 95 46 22 16  8  7  5  5  4  3  3  2  2  2  2
        1  1  1  1  1  1  1  1  1  1
100! = 97 48 24 16  9  7  5  5  4  3  3  2  2  2  2
        1  1  1  1  1  1  1  1  1  1
